0,88.4827336861621,19.8842869374551
0.05,106.967710976865,20.0075179615261
0.1,106.331672732652,20.0185904532469
0.15,96.1277304820766,19.9291722185594
0.2,86.1457413275351,20.0781030661303
0.25,102.91268609643,19.9435593535495
0.3,98.1474860590824,20.0542257128498
0.35,107.680170853325,20.0163540084826
0.4,94.8100383217621,19.9485584095671
0.45,97.2943161237054,19.8682648276536
0.5,101.974685214027,19.832040845324
0.55,95.5818188214734,19.8394770647674
0.6,97.0154459973146,19.8546897190465
0.65,91.8526243075177,19.9684341309791
0.7,104.329423598224,20.0773202151067
0.75,105.033202407963,19.7337224696382
0.8,105.675594014975,20.066716608756
0.85,100.743246161483,19.8446985731185
0.9,96.5379297712806,19.9483129609147
0.95,98.1317234351378,19.7432535017936
1,100.015054112742,19.7451382605831
1.05,105.933416502839,19.8299829931645
1.1,117.25293394284,19.8431822165471
1.15,98.4706986838464,19.8080362560146
1.2,108.36158935917,19.8230983950328
1.25,102.58396319103,19.7331199337338
1.3,99.1074472253876,19.7099119457088
1.35,105.543023665839,19.7345633830747
1.4,102.493411153788,19.6780467455583
1.45,107.631768432624,19.6102983867838
1.5,101.853200279296,19.6461912702846
1.55,107.362618932795,19.6561613922673
1.6,111.082934576978,19.7966173927568
1.65,104.782369543041,19.8008190637037
1.7,97.1421804689297,19.6017677906631
1.75,96.9750879544851,19.664807051227
1.8,112.013973199189,19.8084344399292
1.85,102.531714343943,19.4616573053562
1.9,104.839083557084,19.8816325042359
1.95,105.151754002409,19.5025923655458
2,112.10343896582,19.5118270761684
2.05,105.144207819135,19.6689240885368
2.1,110.698342029869,19.695696197189
2.15,109.275126181847,19.2129215260952
2.2,103.763778799049,19.4001213118386
2.25,100.411700365348,19.597236829948
2.3,102.828667698401,19.4198819769055
2.35,108.096318262089,19.5603629754287
2.4,100.63511484196,19.5311483188285
2.45,106.966264190834,19.5212298074921
2.5,103.268373938666,19.4376223897818
2.55,100.239412032234,19.3532878133587
2.6,110.532816890488,19.5462979300789
2.65,104.046747435834,19.6344277237518
2.7,105.284193522179,19.5472224352832
2.75,103.282681609452,19.3830573598306
2.8,96.8586028929049,19.5081190130308
2.85,107.073751386956,19.4681461224546
2.9,96.802096899255,19.6635688932725
2.95,108.747290818334,19.6180928541365
3,103.465392555524,19.5092478760304
3.05,95.7284970744125,19.4601015195385
3.1,96.7108964713456,19.5339336285475
3.15,98.4575604134219,19.5991052052031
3.2,101.270746345929,19.4811594203311
3.25,105.78411376688,19.5313030304126
3.3,112.569820108216,19.5613195062317
3.35,108.745128604713,19.4418861414899
3.4,114.256934121445,19.4191616983467
3.45,100.204528558008,19.3125026401221
3.5,107.93885599728,19.4377733315164
3.55,96.7092998223436,19.5577027517646
3.6,104.820273134933,19.5575261772099
3.65,100.78608101596,19.6239820462141
3.7,103.175551529506,19.5673750853191
3.75,107.118295816605,19.4069240258282
3.8,105.149395889756,19.2942365669625
3.85,105.825796573233,19.5319395764222
3.9,115.148723667396,19.4791767181192
3.95,108.395254510373,19.4370800733843
4,98.7468625653837,19.411655533371
4.05,99.987984941257,19.4124892120952
4.1,105.530630937727,19.4614459289278
4.15,91.9448104799535,19.4290166324226
4.2,110.500544165729,19.2890418909296
4.25,102.567492727479,19.5590434044491
4.3,109.172978381753,19.4490644219635
4.35,107.68260871099,19.5139684454968
4.4,105.479267413404,19.419483472854
4.45,112.98438650139,19.2696296737764
4.5,104.068195789881,19.6158808311649
4.55,95.1994241848903,19.3117975242331
4.6,107.806306460751,19.4165821490388
4.65,88.0023229258235,19.3364440637217
4.7,100.614218323915,19.5249449172924
4.75,105.062581093988,19.4300845052119
4.8,104.619883256081,19.4495143730202
4.85,104.821464635655,19.4287546961383
4.9,101.843245253931,19.4008958672406
4.95,101.597236942045,19.4871786602969
5,103.337872362704,19.5924609140606
5.05,94.0081590474968,19.5545660642208
5.1,107.480367961889,19.428323311131
5.15,99.2950022630328,19.5392687211746
5.2,97.8638188897578,19.308045177021
5.25,107.978385699605,19.4259900375491
5.3,107.485433927435,19.3854704420228
5.35,113.049932958982,19.4525911489744
5.4,113.398438536254,19.459814139283
5.45,101.146785081962,19.6475174642098
5.5,105.569689921341,19.3938885161525
5.55,97.0945060425849,19.7545547768573
5.6,99.6602728143513,19.4749351858656
5.65,102.607138813933,19.5555558644302
5.7,95.5706094852302,19.6130450990353
5.75,105.359066151761,19.5004870200883
5.8,104.924358026434,19.498293784546
5.85,97.1148365830845,19.6206097911265
5.9,110.51009938178,19.5835351721116
5.95,99.7917869179797,19.5133660082416
6,108.129712041454,19.4562324979649
6.05,108.944682877105,19.5190458392699
6.1,91.5074899196349,19.5157362116973
6.15,106.442380046423,19.4864402557327
6.2,103.040374701896,19.6228795679936
6.25,99.2315502073882,19.5782444478604
6.3,106.292147927448,19.4976082078956
6.35,112.010123208848,19.4357588745696
6.4,99.790561353347,19.3236590333922
6.45,99.3201341034877,19.5193718103917
6.5,104.134662130601,19.8212362888089
6.55,96.6834962639075,19.3659927301607
6.6,103.399516327192,19.6624289986133
6.65,105.862160130446,19.4300654709083
6.7,105.395260655681,19.5149674060246
6.75,102.174122960087,19.5244261822785
6.8,99.3553399143316,19.4934498105977
6.85,100.008487400295,19.3876133761901
6.9,98.3103905582079,19.3523465553478
6.95,95.4003748462202,19.3816829190948
7,102.448531661688,19.4968791935512
7.05,100.475751582451,19.5905390543046
7.1,106.48022057496,19.5927232597834
7.15,98.3074699938466,19.4983800597391
7.2,103.071975895249,19.527662187638
7.25,107.698482756509,19.4643890528561
7.3,99.9818598934706,19.7092268978404
7.35,98.9993446028945,19.4641166506191
7.4,103.990776180362,19.5724703798885
7.45,103.465474323579,19.552700766268
7.5,102.105281580197,19.4746765538519
7.55,110.810328316728,19.4036008402741
7.6,110.382873696806,19.6212848185776
7.65,105.556029151699,19.573683577565
7.7,104.413802000111,19.3909868115532
7.75,103.567710706606,19.4292396024813
7.8,110.564465917183,19.4042748045759
7.85,93.800856170298,19.5008579611018
7.9,97.1254010792841,19.5868528901957
7.95,108.215516077088,19.5215686753897
8,98.8788535387853,19.5799042996391
8.05,97.1335705462642,19.5780043311719
8.1,110.676364296492,19.5745992501386
8.15,99.3970522851843,19.4640884624154
8.2,105.185139306292,19.6024349774153
8.25,106.804459357744,19.5846037089274
8.3,109.430813591185,19.4226513459202
8.35,99.3383609346918,19.6808832036
8.4,104.408719676842,19.4293426769559
8.45,113.570227164098,19.5752054076036
8.5,97.5919807006131,19.5397855606808
8.55,108.572213087799,19.5050932601889
8.6,102.620455467761,19.574770101193
8.65,101.005003514481,19.6512437289557
8.7,110.494121583738,19.5358982484679
8.75,105.712120556668,19.6148404043205
8.8,98.0644908693678,19.5368295520135
8.85,100.756468680142,19.5002182486332
8.9,99.7049617468015,19.6659514756191
8.95,101.311878925062,19.483881508449
9,96.1928670472641,19.2631824836687
9.05,100.243389351143,19.6185411021588
9.1,102.259408643842,19.4822939146612
9.15,101.589254066862,19.3350216242152
9.2,102.341323441769,19.5461442570952
9.25,106.895832794696,19.7015502405614
9.3,97.3879716961179,19.4642669239568
9.35,98.9102299903858,19.3914153806508
9.4,106.900572894528,19.3058458109411
9.45,90.548429431169,19.5613849945947
9.5,103.836328801919,19.6382674097347
9.55,106.59044554778,19.4904715594219
9.6,105.454629007292,19.596487827101
9.65,104.300456281027,19.5665385996694
9.7,97.2171707114526,19.6504265461743
9.75,107.567892655908,19.3309320566228
9.8,94.7685640244491,19.4459130042666
9.85,109.38232438408,19.5799554053172
9.9,100.435348470901,19.5097904425302
9.95,103.06448419434,19.3794972183643
10,300.32134118764,19.4268651903579
10.05,294.447382984516,19.4765664344203
10.1,277.115698777338,19.655925135825
10.15,283.440723947483,19.7169660672357
10.2,267.782150680542,19.7976398863908
10.25,260.052847171227,20.1085492661896
10.3,251.744684304557,20.1662672419149
10.35,246.728233234102,20.5779148685239
10.4,243.549022862239,20.8667968288898
10.45,235.711298385196,21.0776326754466
10.5,222.496035694014,21.1865333717083
10.55,221.974439734613,21.6892502416844
10.6,204.517981917911,21.9597399268875
10.65,205.541272909693,22.5739341260929
10.7,201.882867761072,22.8929571997178
10.75,198.783623181886,23.1688126336482
10.8,190.944310874561,23.546681740282
10.85,192.30571459208,23.9451260994337
10.9,179.404290067591,24.1121778042192
10.95,179.628900875456,24.578262757775
11,172.245222797203,24.9882398854029
11.05,165.254964793917,25.4845238591005
11.1,163.096437559442,25.9391643691059
11.15,165.491910118553,26.2384414539284
11.2,162.277202674804,26.6900133165797
11.25,150.480727982997,27.0936303338953
11.3,150.958895469316,27.3589878547736
11.35,148.517825070085,27.6106863040829
11.4,161.068768420946,28.167969370643
11.45,151.359972160325,28.4227253442531
11.5,133.251057952987,28.6421083355578
11.55,150.73197670891,29.0919034777998
11.6,140.441553411884,29.4776503473293
11.65,139.448909089195,29.9547115935287
11.7,130.684549243681,30.361700788371
11.75,133.471911445196,30.3321319462993
11.8,137.009645433232,30.6754506475965
11.85,127.82106013222,31.0852253594266
11.9,131.115802631945,31.4023762546289
11.95,127.569412364916,31.7269723220559
12,121.786147596623,32.2084791963532
12.05,114.173238629992,32.4042071555822
12.1,114.901962939068,32.4253553938756
12.15,123.812027423236,32.7840180911411
12.2,112.607007578032,32.9524231449987
12.25,110.139882053156,33.3742817492558
12.3,110.992373637335,33.809194156855
12.35,103.493013826649,34.0994031892643
12.4,113.139188022263,34.1548909162584
12.45,108.184124817018,34.3509339572485
12.5,102.248225000467,34.6932090506369
12.55,103.04245904186,34.988748612704
12.6,95.7710301951801,35.0256979114209
12.65,110.492554055762,35.3145645933917
12.7,103.45472684149,35.4664231263401
12.75,102.018910955711,35.6044723589614
12.8,101.792854949464,35.7842512495519
12.85,95.9998594124993,36.13261903263
12.9,97.8118358435929,36.3972172261104
12.95,97.6601608781972,36.5683984714438
13,96.9526176788134,36.5697363256326
13.05,91.1144460107195,36.6820795565673
13.1,97.2080383312205,37.0408506437045
13.15,91.1315978630503,37.1082996939011
13.2,98.8602850228467,37.3212377296755
13.25,94.2110557502927,37.7331867329982
13.3,100.849708909275,37.9353260678649
13.35,100.127881486626,37.8580911040302
13.4,81.3194242596323,38.0388722194922
13.45,86.3899960075658,37.9581587237987
13.5,97.0631098175297,38.1705729087393
13.55,88.47892639622,38.2380271034685
13.6,90.9338593311758,38.5363982637868
13.65,89.7427830859766,38.6806922434497
13.7,87.392806615415,38.6271269125337
13.75,88.6966801346101,38.75868686406
13.8,95.4722268397426,38.8221851929297
13.85,87.0389066394388,39.0151828002924
13.9,87.1842996269855,39.0868992088782
13.95,86.5223848169062,39.0923385039789
14,83.8308411096633,39.3068089369434
14.05,92.812292924871,39.281349276149
14.1,87.0190163860796,39.3777990427947
14.15,83.1999933887762,39.3854572577255
14.2,86.458239682684,39.5058486481651
14.25,91.7142474259127,39.7016240946666
14.3,90.6452789230587,39.7804274496
14.35,94.6068956121718,39.7387318442549
14.4,92.7557279606977,39.7336506022928
14.45,84.849907680475,39.8040497632112
14.5,92.3196956615038,39.8749379820642
14.55,85.4375653732068,39.8695011790932
14.6,99.8742243450005,39.9043969072138
14.65,93.528625089504,39.938257615318
14.7,81.0309228471583,40.0126838015797
14.75,97.0395581169505,40.0552399251585
14.8,83.0709856417318,40.0884262469424
14.85,90.6512060736445,40.1358891381486
14.9,96.4566107014876,40.1586572233998
14.95,89.5031965602298,40.0386751228471
15,91.6229197869836,40.2582574372453
15.05,96.2439301728131,40.2842367648784
15.1,93.2413725546403,40.2195220332221
15.15,95.3338565991863,40.2124886909108
15.2,97.4487472113267,40.1690826923376
15.25,99.1325218943041,40.2836109345969
15.3,98.5170644396004,40.2385290502187
15.35,102.140875103403,40.4370511140132
15.4,92.5821252182023,40.3517040790483
15.45,85.6645339199706,40.1172092951118
15.5,102.948341976271,40.288186987377
15.55,93.5119764927254,40.1290189776627
15.6,93.3619882728308,40.1863048885156
15.65,90.6644172817945,40.1744940094288
15.7,100.575095076751,40.1638629889548
15.75,100.988796251039,40.2608758796306
15.8,99.099784197811,40.012918002516
15.85,98.9006572920658,40.3341144196626
15.9,97.746310075359,40.2981613768752
15.95,94.2153254953816,40.0871720918393
16,97.9200259697942,39.823052255323
16.05,98.7254996727001,40.1480643679719
16.1,107.924143802103,40.1381070820691
16.15,96.7045250818203,40.1375789603501
16.2,95.9757487861245,40.2746383358145
16.25,106.979815466852,40.0912741829172
16.3,110.177137415292,39.9870369383355
16.35,100.048264365882,39.9319564768901
16.4,107.870649901788,39.9358222464516
16.45,94.5906436146199,40.1077701634372
16.5,106.968354699954,39.9264976858982
16.55,98.1655496868679,39.9973282970496
16.6,102.608693104993,40.0759876184109
16.65,98.6680717757666,39.7818312527002
16.7,93.6623011215273,39.8638805692055
16.75,101.291088926061,39.9465560550507
16.8,107.925991072903,39.9086140199639
16.85,97.3054017465573,39.8829674354937
16.9,93.4576114690247,39.8850647132184
16.95,95.9033602571159,39.8313682052999
17,105.103438749984,39.7150183171005
17.05,104.800985471243,39.8900578290243
17.1,96.4932654641298,39.7760886813466
17.15,114.796811238607,39.593975004709
17.2,104.659665091923,39.6644362000977
17.25,104.654415874942,39.7511974535372
17.3,98.159079030136,39.7230537640208
17.35,103.688848132209,39.6545504569683
17.4,100.219738507397,39.4935253552668
17.45,94.9124837102928,39.7447726247264
17.5,103.159171352866,39.4528733881883
17.55,100.773978146151,39.5881003665324
17.6,105.128670123082,39.6586574202513
17.65,110.38868935834,39.6274387526829
17.7,106.839546522524,39.5028851007622
17.75,107.396908986683,39.58075181974
17.8,104.082823308104,39.4193832361057
17.85,102.847688207749,39.7095765792088
17.9,105.682483000458,39.438391664076
17.95,106.95303090237,39.4092697014568
18,102.533439517558,39.3792063052608
18.05,101.531225316232,39.3327496169324
18.1,110.43039730953,39.4919645457914
18.15,106.064518072757,39.2856883578313
18.2,112.423438851373,39.5171085956097
18.25,108.697783586802,39.420436347812
18.3,106.024055990711,39.362089220703
18.35,106.821082218693,39.504447127128
18.4,114.246503137325,39.327052132547
18.45,97.7432926277601,39.3939099206174
18.5,96.5897688272849,39.4937441520729
18.55,104.473749263531,39.5200664803975
18.6,95.9261460299297,39.3476047421305
18.65,101.838068656476,39.4809493430282
18.7,106.940883644368,39.1804684214088
18.75,100.206205795973,39.2794462314556
18.8,102.078255425361,39.5354213688093
18.85,105.58467815508,39.4226961943032
18.9,106.056486533385,39.2387451023863
18.95,100.216982965724,39.4733495538182
19,95.9353709527613,39.3193250574116
19.05,107.606294815243,39.3844246026799
19.1,104.596389279185,39.3236749767553
19.15,111.253655837589,39.3124021500458
19.2,102.352348456214,39.4297203146296
19.25,97.4866721323029,39.4711656794345
19.3,107.210284531836,39.5616350784385
19.35,101.558403369899,39.4641571804949
19.4,109.193065093168,39.1457969763369
19.45,106.93836622698,39.5692684944579
19.5,111.891033304209,39.4702542864681
19.55,106.695149261006,39.3600415168237
19.6,110.41696489224,39.3917014976091
19.65,108.184721347249,39.4852562608851
19.7,104.093169682098,39.4791455062726
19.75,106.485320187681,39.3751622133522
19.8,104.061609465214,39.3600173756055
19.85,108.963371109515,39.3220610609347
19.9,105.733915792715,39.408566125597
19.95,112.708069909985,39.3553216291149
20,-4.17327270552927,39.2689968373544
20.05,9.59922280520827,39.4798465691299
20.1,17.8696754430976,39.3630433327602
20.15,5.96110341943287,39.3613241427114
20.2,17.8952856970027,39.1906479252553
20.25,29.536573702903,39.2789996273832
20.3,20.7193094681483,39.0253842261534
20.35,34.3495414386382,38.7994426605061
20.4,32.2945319990218,39.0076951639909
20.45,46.6961510948972,38.5984065447139
20.5,42.1238236700865,38.3649280475525
20.55,51.0734789419903,38.1337834153119
20.6,49.1860716021401,37.7928129494295
20.65,49.7416856107974,37.9885295060102
20.7,52.9559080448122,37.8671246921241
20.75,64.0309812313483,37.4654412120149
20.8,58.5373681738722,37.1061241469376
20.85,76.5049235875764,37.0351660662293
20.9,77.8739571917539,36.6607252044082
20.95,74.3769601041281,36.5377022064579
21,84.2065616686292,36.4836443212685
21.05,69.1081294574512,36.2810054061955
21.1,70.2914031810105,35.9768401886363
21.15,85.4775182550151,35.6655173731931
21.2,91.6945464614514,35.6893908063842
21.25,93.5010253362565,35.2901033564128
21.3,92.6499748970137,35.0548155910668
21.35,86.3813073218759,35.0725143975942
21.4,90.36463525735,34.7214472323684
21.45,92.4229495359978,34.6402677823682
21.5,97.4753843173186,34.3543756174514
21.55,92.3798632843058,34.0916469808304
21.6,100.266590897579,33.9600111608245
21.65,91.2175666291289,33.9534311279945
21.7,99.2117246746532,33.5863235590238
21.75,101.852871927377,33.2752560693097
21.8,108.638088593504,33.0381632906556
21.85,95.2034200935318,32.9652841914986
21.9,102.866299426336,32.7382788253109
21.95,106.930082943898,32.3987312836741
22,105.306109462337,32.3545634809517
22.05,109.953100317884,32.3581558397588
22.1,110.525761043192,32.2896376225961
22.15,111.498786002434,32.0798652673441
22.2,111.496259169706,31.8035805147934
22.25,99.5753192944689,31.6493229705878
22.3,112.687226590484,31.4809625656775
22.35,115.888179180307,31.4325069586179
22.4,108.053316576725,31.262204622209
22.45,111.676025929649,31.0127213419844
22.5,116.510172197204,30.9645031764503
22.55,119.774483907518,30.8590171822769
22.6,116.811959795885,30.7228846867204
22.65,113.65613460329,30.6735218220167
22.7,113.036257654655,30.5354477379951
22.75,113.393771281427,30.3906560584954
22.8,104.568362232838,30.4064483918335
22.85,119.124304677928,30.2027177510091
22.9,112.659141131358,30.0994439575389
22.95,115.009829126056,30.1827930969118
23,116.650126201905,29.879879013951
23.05,108.999418227443,29.8739927523306
23.1,116.327970994364,29.7637923441211
23.15,119.866334310794,29.934913078761
23.2,115.76709521256,29.791536787814
23.25,105.980186190432,29.6916871151664
23.3,119.391529408524,29.5877463975264
23.35,120.457782812589,29.4484442768155
23.4,117.187439550528,29.2501024040829
23.45,109.573565165871,29.459177650839
23.5,119.699591034472,29.2701020164127
23.55,115.306968954446,29.218608344651
23.6,117.10335823851,29.1760226101677
23.65,113.126834889965,29.3457882540936
23.7,111.454984629666,29.2192690636977
23.75,108.680292374395,29.1956964417152
23.8,103.987450745083,29.0127120243845
23.85,119.597581693321,29.0462979442512
23.9,116.985589609361,29.1591061327357
23.95,121.043272456287,28.9063699143057
24,112.809095169396,29.0874177435019
24.05,108.586850439982,28.9626511285494
24.1,114.158451763705,28.9265035881851
24.15,106.873342511294,29.0572684499137
24.2,105.883873263776,28.7473517277894
24.25,107.729030769012,28.8338077173449
24.3,109.56619841931,28.8453560464711
24.35,105.123404605197,28.8877240230849
24.4,115.172800536871,28.6075922371936
24.45,117.497507444886,28.7082201982231
24.5,115.644948524503,28.830135499355
24.55,102.924811252047,28.8492760719955
24.6,110.976059015733,28.9191284591831
24.65,108.573298207297,28.843962518807
24.7,109.4690262084,28.8781029441956
24.75,118.528701978443,28.9300111246518
24.8,111.49491275445,28.8696496761321
24.85,104.049217242397,28.8799985244286
24.9,104.34916010236,28.8120007335279
24.95,109.751735642646,28.9894614269574
25,101.646142281689,28.9614918716841
25.05,103.179421257409,28.792732473669
25.1,110.590402321487,28.9184819003865
25.15,105.039784641844,28.8557979768481
25.2,111.969901979544,28.8874550907495
25.25,109.425836859126,29.1699286487502
25.3,99.4349268349427,29.0180902388336
25.35,103.81070822267,29.0389435395641
25.4,102.938534135514,29.0231107279408
25.45,105.023872833855,29.1057525368952
25.5,97.1738654431083,29.2006580610132
25.55,96.2574173038218,28.846699224161
25.6,106.043509248039,29.1621234190885
25.65,98.7088639619463,29.0621297303772
25.7,114.226208165704,29.2292052484249
25.75,106.631466948773,29.07063139044
25.8,99.1744941458453,29.2118452438854
25.85,102.585559552652,29.2491302455162
25.9,93.0343192467648,29.0716157738403
25.95,102.486527769158,29.2389000539217
26,102.561019628651,29.3486135328757
26.05,104.535592236483,29.0926536235349
26.1,92.5051904082025,29.2442474838018
26.15,106.83748185242,29.215950481974
26.2,104.77669865283,29.0374423145992
26.25,90.5590530119127,29.445606468873
26.3,101.211567149093,29.260967477682
26.35,103.349152374787,29.2472204378375
26.4,97.6920592454155,29.1895678623057
26.45,107.687257872411,29.2312022501107
26.5,104.493284672728,29.502791758786
26.55,100.769351000244,29.4154998146283
26.6,96.5162409670055,29.7139068637874
26.65,89.2854237298687,29.4899008861422
26.7,104.617621550141,29.2865278796643
26.75,94.8327976363961,29.4068974491534
26.8,95.2104850153001,29.3264787236437
26.85,92.2289095874489,29.3702991557828
26.9,94.7586683383126,29.401527150742
26.95,87.6853104646448,29.4179830174526
27,97.0212624683629,29.5840814816947
27.05,100.217124380784,29.4683771999386
27.1,100.498498198149,29.5027020688342
27.15,102.984176447391,29.3225450847841
27.2,98.7691866918388,29.4863753416416
27.25,107.017474288003,29.7688273151807
27.3,94.4386769654687,29.6572237854885
27.35,93.8159220203674,29.5745408608379
27.4,95.0519827632331,29.6319235433792
27.45,98.5797585514226,29.6605676041702
27.5,100.780430979773,29.4708363830891
27.55,93.0450862103624,29.5409127813286
27.6,99.9059575754158,29.6869181911179
27.65,101.638190818641,29.4420699745841
27.7,96.3822744639956,29.5592493458856
27.75,101.610511682287,29.6762073433043
27.8,96.4025148235823,29.6323318854723
27.85,95.5505161264366,29.7190356085146
27.9,104.445013562763,29.5816704290268
27.95,84.5638077273757,29.5366487821769
28,93.9478832974536,29.5745531643652
28.05,96.7411810829516,29.5021513194107
28.1,95.2733780025012,29.4946724638538
28.15,98.4437460157836,29.6833112499755
28.2,99.2043715245354,29.4412206138082
28.25,101.998365043615,29.3923929804589
28.3,106.121334841211,29.6188554608495
28.35,99.7473248397678,29.7731931209851
28.4,104.184367138732,29.6192691093884
28.45,94.1341011440705,29.743299527162
28.5,102.803568555895,29.7571891368624
28.55,107.638695602949,29.4139839897501
28.6,98.2257397002386,29.5397394929501
28.65,97.2427811881204,29.5282468637279
28.7,101.021511802071,29.6841158794152
28.75,108.784595441686,29.6601412098494
28.8,99.87411105917,29.7625291956452
28.85,105.247280192785,29.6050995167585
28.9,107.937331370543,29.5891296576933
28.95,102.413822355815,29.591746110198
29,94.1548821301755,29.76992754443
29.05,100.563187856406,29.534976691572
29.1,96.3499226828302,29.6311477182968
29.15,105.378953836906,29.6713512301497
29.2,104.34253476453,29.6673099467635
29.25,107.61607023476,29.3377507951709
29.3,94.9458948685879,29.2688257744099
29.35,105.407825829142,29.6117843568593
29.4,91.6426611290894,29.6482110701404
29.45,101.248344056687,29.3895708450596
29.5,103.990281706746,29.5505448736315
29.55,101.801782833637,29.6324925835886
29.6,101.501206199147,29.5455203657558
29.65,102.166026729282,29.6911235149876
29.7,99.8364567020185,29.6595250783999
29.75,93.1677078424964,29.5989637237141
29.8,99.7539358634179,29.5943303391875
29.85,110.051134092277,29.483851516834
29.9,103.667679323688,29.4975065192621
29.95,103.789130823069,29.5780639524643
30,405.697713430207,29.6390559008977
30.05,391.04755537783,29.7291067776084
30.1,383.322804922982,29.4691086790057
30.15,367.342512958462,29.8872027508771
30.2,365.587538890313,30.019408138401
30.25,348.579139884316,30.2800834601858
30.3,325.2477725147,30.6968383736568
30.35,320.346777516405,31.00044714926
30.4,296.929273799922,31.2615782632767
30.45,302.524531230726,31.8620238566806
30.5,293.576647647999,32.3498570457596
30.55,285.256467296261,32.8477016361969
30.6,269.704614568962,33.2946001928617
30.65,266.875881819493,33.6707943121027
30.7,256.222351614249,34.3193110188929
30.75,258.845009777081,34.7530916926984
30.8,250.058558608059,35.4237263782745
30.85,247.461642922684,35.6830933794133
30.9,237.012551415097,36.3523145284268
30.95,232.633617230038,36.8159887658056
31,221.135521470454,37.1978494936202
31.05,217.150496085681,37.9730404382168
31.1,221.305245605633,38.3362686432603
31.15,217.766101722638,38.8737142850933
31.2,209.284317034827,39.2654327013761
31.25,210.244328492305,39.7501189704459
31.3,198.613726214701,40.363172213142
31.35,199.150447002443,40.7867040918269
31.4,190.324411291279,41.3684349685568
31.45,180.643312530696,41.92283734641
31.5,183.221909843399,42.3141747965213
31.55,184.241557829792,42.7694665168565
31.6,172.159710047916,43.0462252801356
31.65,178.436299494946,43.8096366245226
31.7,165.489987143895,43.9938980071681
31.75,172.046182520059,44.563845560244
31.8,171.744784580502,44.938401757981
31.85,160.849238667134,45.4864846773478
31.9,164.250535745623,45.7433089481112
31.95,162.854651634811,46.2747126692674
32,153.741539178548,46.5608060863073
32.05,164.606871185337,47.0146410989874
32.1,150.182961424608,47.5181987136635
32.15,153.703591006932,47.7362983366275
32.2,145.416023959381,48.1703603250889
32.25,138.135225300179,48.7201449560029
32.3,144.195029672225,48.8867505587213
32.35,132.177452301901,49.2774864784107
32.4,130.642726115614,49.3981977503815
32.45,133.044212388351,50.2015384542214
32.5,135.553248822016,50.1497386956595
32.55,125.207565997394,50.6406376892662
32.6,132.596952592958,50.8954534141021
32.65,124.269367888318,51.4459901863885
32.7,114.858656011376,51.4020992319292
32.75,121.562251748522,51.8274023458698
32.8,129.238424602436,52.1655620887413
32.85,111.838662904719,52.5286374044336
32.9,108.065806717159,52.6503598522859
32.95,113.858358963999,53.1852559073019
33,110.122934149804,53.3906530638904
33.05,114.753387772753,53.5652025806881
33.1,109.083472107248,53.7911850547992
33.15,110.054704712746,53.9975074285154
33.2,107.046940864146,54.4070972360625
33.25,116.095475440517,54.346235845308
33.3,106.141779451372,54.7701796315759
33.35,106.989012810651,54.841764405308
33.4,97.4011667091018,55.3255026824881
33.45,107.655772677451,55.4733441759292
33.5,107.929706381554,55.6508379819736
33.55,99.5185800830677,55.8135766266448
33.6,103.209891073893,56.25782323602
33.65,101.519085453478,56.2263401685297
33.7,100.291510910174,56.7348130050862
33.75,97.259995772241,56.7190449205633
33.8,104.092293899103,56.8114772067176
33.85,90.3333197677002,56.9663648986148
33.9,90.8106378972132,57.1474069619024
33.95,95.9963939825699,57.4833371502151
34,95.6365598985111,57.5511921595642
34.05,98.7010376807258,57.6672373127014
34.1,95.8182578878711,57.8567201729472
34.15,99.4827484859008,57.9115539844265
34.2,95.8957153591458,58.1284382420615
34.25,84.5175791184523,58.2730019500932
34.3,101.955859680633,58.3786201323288
34.35,84.7278093113496,58.6678644548587
34.4,77.3668791732139,58.3870790223993
34.45,86.1250840413821,58.6713769074803
34.5,87.4168226618524,58.7390563850986
34.55,94.6978983902369,58.8308706624152
34.6,89.8936272820545,58.7719001978945
34.65,87.3284374627926,58.8713504640194
34.7,88.044581544282,59.0100379085055
34.75,90.8336066252006,59.1511890173289
34.8,91.8946852437645,59.2479767656031
34.85,85.0927061961745,59.3241011447227
34.9,88.1159657299342,59.6620449286278
34.95,84.4959151913829,59.6202994009281
35,82.7035717482191,59.6263417334252
35.05,89.9594989066332,59.5995038294612
35.1,87.1034289519475,59.8849449832299
35.15,91.1912172185763,59.7986534599794
35.2,94.1731528584708,59.7882974447496
35.25,88.1293925412107,59.7982197256644
35.3,93.9491088754793,60.1022670086546
35.35,89.4334215179019,59.9046884826606
35.4,106.061439493479,60.1491600998181
35.45,92.7409018452667,60.0415567694382
35.5,90.9075298739651,59.9031744001319
35.55,77.0108216284938,59.9695437103474
35.6,93.8713522653873,60.0164403829475
35.65,87.094926459812,60.253664983583
35.7,94.347298410687,60.2248319584602
35.75,94.1331928155843,60.1515748523786
35.8,93.8726526236165,60.1738527194709
35.85,96.7440088017171,60.1938315924231
35.9,90.3149425456657,60.229680980558
35.95,95.3939650005497,60.0728568566233
36,91.4738753126192,60.0967284037775
36.05,94.4710015116299,60.2315664883027
36.1,90.4603979416385,60.5016442948211
36.15,92.4129281686209,60.2276470930521
36.2,94.0652824966182,60.2212061423918
36.25,102.430160961142,60.1206704405771
36.3,97.059950009726,60.1909979764927
36.35,96.5807408840921,60.2403055146005
36.4,100.427036320854,60.2337607628676
36.45,99.1663143415798,60.2386897830017
36.5,95.987613983261,60.1936756411823
36.55,105.40675492353,60.26845652731
36.6,101.663811846984,60.1522644917142
36.65,97.4250148148314,60.2064681828283
36.7,99.9314708220749,60.1712945466879
36.75,99.8349120904021,60.1773228001127
36.8,96.2250903213949,59.8990094172993
36.85,96.6172870569701,60.0970869727145
36.9,107.504691407103,60.1551998172961
36.95,102.039848278398,60.0693804880174
37,102.575145562972,60.005488243065
37.05,111.530390518807,60.0275620115854
37.1,99.2678030197797,60.1076858766227
37.15,101.848157318753,60.0331659276842
37.2,88.9540431426707,60.1176776499085
37.25,95.6274963782485,59.8983811733734
37.3,106.799483575117,59.993843703351
37.35,101.205811239674,59.9878063018524
37.4,104.893893825165,59.887943153346
37.45,98.0803939479849,59.9414119314476
37.5,100.250459426529,59.9264559899571
37.55,98.9917332600643,59.8148595889729
37.6,100.764752658913,59.9756965625983
37.65,84.2645177816102,59.7118380060853
37.7,102.690738211097,59.69779563261
37.75,106.907975788508,59.9077024255649
37.8,103.405811842891,59.8621450349833
37.85,105.160976631121,59.744905458633
37.9,105.342634273358,59.7859445850296
37.95,105.48524562659,59.6672114253796
38,103.315517417856,59.7979147418803
38.05,102.622352360304,59.6806123836268
38.1,107.777141610599,59.5657838472009
38.15,105.324786624431,59.6132235256788
38.2,108.877058419737,59.6256793616083
38.25,103.67239855989,59.6365054373581
38.3,107.59341383108,59.7508974723995
38.35,114.125828286749,59.5286720831313
38.4,104.350211277229,59.6677786036977
38.45,106.704064100413,59.6100859386727
38.5,102.482388556219,59.4986561372297
38.55,101.266537615015,59.5557680005681
38.6,112.322611104439,59.6606790116757
38.65,105.166070312404,59.3961079745656
38.7,96.7572700697262,59.4941295700183
38.75,104.12681353989,59.4907369825073
38.8,107.553163532737,59.4704381041496
38.85,111.553096043296,59.4869173000074
38.9,108.611918347682,59.4418905479577
38.95,102.031867839238,59.4590701690354
39,99.8649849165219,59.5386482192357
39.05,99.4627990940113,59.5071615918192
39.1,101.36854084774,59.2818250707756
39.15,101.224600969821,59.4492569506521
39.2,104.084184049562,59.430562593589
39.25,111.765937130365,59.5675121113456
39.3,97.2977582805056,59.4074623026977
39.35,109.555515251693,59.4827741953352
39.4,107.635718989536,59.406245194251
39.45,108.693238040372,59.4280791867319
39.5,98.9877317039848,59.364951350302
39.55,106.104491327351,59.3144710888262
39.6,111.923999932746,59.561504942345
39.65,105.885674401429,59.4832309610052
39.7,102.906497126448,59.2248413385335
39.75,104.060496526521,59.356076288553
39.8,101.957012446102,59.4070553358922
39.85,106.73258209931,59.2668296801291
39.9,102.164741812598,59.4275703032846
39.95,98.5906395295934,59.4110755901005
40,-85.1944868109149,59.3551267288434
40.05,-91.7540174984494,59.1507378163398
40.1,-86.2006445594696,59.405017722438
40.15,-74.6944139099128,59.1325772289176
40.2,-65.1952679044845,59.0470736647863
40.25,-53.9954121585902,58.9667765867571
40.3,-49.8780273448505,58.6107256018274
40.35,-47.6808496911661,58.3618494099358
40.4,-27.5165590874497,58.04258373221
40.45,-30.8578545977243,57.8499908808921
40.5,-19.1671697181507,57.6509461002831
40.55,-11.0341420183775,57.1882518800903
40.6,-6.665619594422,56.862349866557
40.65,-3.00123207212943,56.4363745985665
40.7,1.8457297421319,56.2423321308534
40.75,17.583999130542,55.725205552924
40.8,21.4734265929241,55.2756854404038
40.85,16.84605184928,54.8941832140511
40.9,30.9107383456509,54.5054331038576
40.95,29.9214214900511,54.2455554337055
41,33.8567153894443,53.7294446288542
41.05,36.5234957073971,53.6148583032718
41.1,33.3712357437661,53.1931917725001
41.15,45.152503821331,52.6599400743727
41.2,37.7823606844979,52.358075844129
41.25,53.8285876940114,51.8135325664526
41.3,53.5248252951553,51.5417877627826
41.35,55.972232335842,51.305617806572
41.4,59.4435191342782,50.8784590541274
41.45,59.4214423793213,50.5154234868692
41.5,60.3193778700409,50.0630520438741
41.55,66.0917062117212,49.8305302620919
41.6,65.6182712747948,49.6095245042048
41.65,75.0447546610673,49.0180420079435
41.7,72.4874036217688,48.6515060585732
41.75,84.5327710398159,48.5470955255277
41.8,78.34847464357,48.1996855658522
41.85,75.6552159170887,47.8582941457411
41.9,83.815575958802,47.7131559829981
41.95,80.9085004836362,47.1643975143893
42,81.8916659847566,46.9714892202001
42.05,93.9204240712263,46.5386718049989
42.1,97.8766995516573,46.5419675149991
42.15,83.1264846335457,46.1119581779742
42.2,88.0125524493187,45.8700473905188
42.25,89.7774814043705,45.7107498980091
42.3,86.7061601599747,45.2864559910599
42.35,105.619245114512,45.0268299117352
42.4,91.4571459348753,44.673526671143
42.45,102.870426471625,44.5883056026133
42.5,99.3089082332805,44.2683810210527
42.55,95.3200008428716,44.0302265338721
42.6,105.812974256868,43.7554796516391
42.65,99.5850888733061,43.8027826800045
42.7,104.950845904102,43.4919343823587
42.75,100.891584176077,43.196691776638
42.8,104.179192852504,42.934111660929
42.85,98.5535752786281,42.867838293171
42.9,107.661812020175,42.6172226504069
42.95,108.612360480269,42.4244448910794
43,106.370647538741,42.1039141468257
43.05,113.240076966103,42.0932248715411
43.1,111.521595407145,42.0470201416357
43.15,112.208834984209,41.6961823987212
43.2,121.429612717712,41.8586573814338
43.25,113.881684100132,41.4474669320247
43.3,113.254371654176,41.1508246759245
43.35,110.337775471208,41.3348835481845
43.4,111.122024467556,41.0032551253626
43.45,119.74048097463,40.9666623835875
43.5,106.502135272361,40.6036132504409
43.55,112.402782754326,40.7497040804589
43.6,116.532893995362,40.4190720388755
43.65,115.244674139426,40.536635135506
43.7,115.873256078961,40.5112444587606
43.75,113.108702766083,40.2078853583641
43.8,116.441332771997,40.0148131280612
43.85,108.790081569495,40.0382988080243
43.9,116.889638143785,39.8748599891272
43.95,109.031272937126,39.7619454512358
44,112.518155381969,39.8422107341984
44.05,114.239106374577,39.7393207785273
44.1,113.993155526953,39.7018810021239
44.15,116.566805137195,39.4637688321821
44.2,123.220699813404,39.5241028630123
44.25,110.05396262778,39.4078031726478
44.3,119.627333087487,39.4908343577502
44.35,109.323858418089,39.226685762189
44.4,116.403133353742,39.4360383398737
44.45,121.274395839838,39.2221718908212
44.5,122.852001280277,39.0334486816966
44.55,123.03543300713,39.1268530086622
44.6,112.565881755799,39.0786997022315
44.65,105.755196899668,38.9757681887728
44.7,112.767310112026,39.2166436065838
44.75,113.761340176606,38.9268461642615
44.8,113.987752231541,38.7918658212411
44.85,110.645934529946,38.8403884757973
44.9,118.620081583942,38.8801927579538
44.95,110.919699942487,38.8194240250417
45,100.979411866131,38.9143774459103
45.05,117.782623985986,38.7395135172033
45.1,113.466819430506,38.849729823369
45.15,110.274113800559,38.7739356086935
45.2,113.442031323294,38.5759311687751
45.25,106.882156946037,38.7577690842465
45.3,109.770218654148,38.6751226091681
45.35,111.898512316356,38.6690477965913
45.4,104.759821004387,38.9439040512848
45.45,100.847461697427,38.8050629109802
45.5,112.313032704305,38.8607192901014
45.55,118.436139755628,38.7147060759793
45.6,103.729176526168,38.8459604314371
45.65,111.754954032099,38.9359622794649
45.7,110.388000096068,38.7174779212885
45.75,106.896505394095,38.8642951624959
45.8,109.818682824799,38.9057198448306
45.85,104.483080836725,38.8048640680244
45.9,109.731068305718,38.811941466694
45.95,108.189667266044,38.9642301858944
46,107.345715219642,38.9471519377585
46.05,107.699411545643,39.0018541402327
46.1,97.6109032213536,38.8741521283196
46.15,104.591656662065,38.8351113840872
46.2,107.698898350762,38.9394707625445
46.25,109.428249388274,38.9665990177073
46.3,107.154843064502,38.8948886449256
46.35,100.53544279293,38.9108781939135
46.4,104.440028498551,39.0120141116173
46.45,95.7684222080249,39.1985790343836
46.5,104.206171690645,38.9540988068801
46.55,97.2273535158825,39.0438520233573
46.6,105.884219510369,39.0906160665739
46.65,96.0188236756586,39.0222844056947
46.7,111.791700032383,39.0605053897092
46.75,101.941659539612,39.1423461083583
46.8,102.09692213751,39.293410446654
46.85,103.505306092176,39.2920813715676
46.9,99.705593933181,39.2069377641858
46.95,109.447844897573,39.3103624862459
47,99.4211366137324,39.3362795955641
47.05,98.5911086750665,39.1245950073928
47.1,98.6099968311279,39.2075659347525
47.15,102.807412005876,39.3495786065713
47.2,104.862368065825,39.4819831557333
47.25,102.209138286608,39.4405051106622
47.3,102.788686797436,39.5725996465585
47.35,94.0325699193963,39.2304514887109
47.4,100.554014521106,39.4439962238295
47.45,98.55594252398,39.300289663183
47.5,105.860900944864,39.3749780247439
47.55,95.3426646663289,39.6400340750911
47.6,90.5443743163316,39.4348206644131
47.65,100.431241059573,39.3902776124847
47.7,92.0866280752852,39.4895039149752
47.75,100.02466795215,39.4141801454499
47.8,98.9509403339783,39.4661756887467
47.85,102.844435681356,39.523647263125
47.9,106.850441140852,39.5192483800226
47.95,100.137818752054,39.3955609950909
48,100.854080930506,39.7434878585317
48.05,100.745730283811,39.7133006581475
48.1,99.1748681016864,39.5299293191972
48.15,105.309450367716,39.5689047601904
48.2,96.9145459591021,39.4295352291275
48.25,102.222773002282,39.4784929892438
48.3,104.010603328243,39.5498923852474
48.35,108.048645522044,39.6479129932425
48.4,104.084805700093,39.6738438000554
48.45,100.979787036997,39.4683044130734
48.5,100.223417383157,39.4131716131956
48.55,95.3199902822951,39.6649392803713
48.6,101.110355929846,39.7301013297363
48.65,101.477687109693,39.5415024168656
48.7,102.461733489617,39.6730460202403
48.75,110.625269849139,39.7704401764838
48.8,107.087551638078,39.5518930313797
48.85,109.091100655809,39.68852374577
48.9,104.252615180437,39.6506648619675
48.95,99.2020398729138,39.5418605732642
49,99.5085434269763,39.6460351708468
49.05,100.477797904418,39.6820220950496
49.1,101.073963810311,39.5572456886107
49.15,111.163535130024,39.7232688723228
49.2,103.816789572665,39.6122808720831
49.25,96.5154789280631,39.5491824533823
49.3,109.344586630729,39.5626921553455
49.35,96.822485792976,39.7854280003907
49.4,102.090384429355,39.6864767161145
49.45,100.684916936489,39.609210621976
49.5,105.308088873198,39.8048918542994
49.55,101.462450044345,39.5477492148135
49.6,103.309509737026,39.5781335632641
49.65,102.280743556167,39.4687075553582
49.7,96.3383788104095,39.5178928466043
49.75,107.5871191223,39.5392103725584
49.8,94.9265178931265,39.3921919154576
49.85,92.7470499930553,39.6330157539473
49.9,99.0509951738976,39.5816696966638
49.95,109.152876366619,39.6302022038963
50,51.5596495846888,39.4728447964069
50.05,52.6663453411381,39.3760182995621
50.1,57.5572157385784,39.5257134607955
50.15,60.1596994501551,39.6694248173697
50.2,65.0670855447522,39.4633019960449
50.25,72.4048385735816,39.5593958031014
50.3,63.7399962314517,39.5452707674099
50.35,70.5573311615721,39.3435431991031
50.4,71.4838532983746,39.3559153904604
50.45,77.4132958344158,39.1813837113086
50.5,78.8466146804699,39.0553162630079
50.55,83.2687047136791,39.0927278951676
50.6,67.566749414504,38.9007846237004
50.65,75.496176511703,38.7332131841442
50.7,83.8380521363699,38.5770077391419
50.75,88.7305709539817,38.7580110955808
50.8,81.7962772125256,38.5869407522295
50.85,82.899149383055,38.1972820678153
50.9,88.5848302181423,38.2028363502986
50.95,89.65864619945,38.0986995376707
51,95.5858683506429,37.9492975831882
51.05,89.7628549472141,37.6230958730884
51.1,102.379691794224,37.6743497283704
51.15,87.727824281504,37.4858456309913
51.2,96.003235713578,37.6051292101771
51.25,96.032045894502,37.3987635057044
51.3,102.475429382328,37.077804977854
51.35,97.8718739947938,37.2149618176076
51.4,102.013345818507,36.9837404469075
51.45,107.872582861656,37.050714782888
51.5,98.2979194974336,36.5752439588445
51.55,105.067142307385,36.7760371643731
51.6,105.741115519634,36.561059250577
51.65,106.572977582612,36.2841159003589
51.7,111.703415200048,36.4588756813645
51.75,115.546498219336,36.2063436801667
51.8,107.8262046689,36.0900734593448
51.85,98.063960477901,36.0935225695168
51.9,116.957755082423,35.9043747682425
51.95,116.502103919284,35.8882286951207
52,116.049469118125,35.6070395100242
52.05,107.259727454877,35.5444738061847
52.1,106.962155419422,35.7065401780527
52.15,99.7628945008461,35.3550216916796
52.2,108.188277483312,35.3455794582308
52.25,102.295772449245,35.2095710496574
52.3,113.300118272194,35.139551450949
52.35,115.434280444259,35.0706698568906
52.4,115.834636972813,34.9587542781764
52.45,105.299276729821,34.782391467028
52.5,123.462439185618,34.8208580231701
52.55,108.452283789292,34.9898273415199
52.6,119.61609667024,34.8967135108652
52.65,113.494694333307,34.7805999105684
52.7,108.381029586672,34.8940328343395
52.75,115.465186066164,34.6586737088681
52.8,110.821881998174,34.5829111768032
52.85,114.737278666624,34.5997550573084
52.9,122.03789377099,34.4917645187503
52.95,118.22712001879,34.5994754896827
53,115.390762325447,34.4543807220958
53.05,102.322760864838,34.3492382058821
53.1,103.873917373448,34.2274362452688
53.15,115.176612854297,34.3517114537985
53.2,121.930967031918,34.3622072412198
53.25,115.437103503932,34.2128249675653
53.3,118.8475935578,34.1298194836662
53.35,110.285049788196,34.2645038412634
53.4,107.592961540036,34.1233951091798
53.45,106.146081560091,34.0945640656334
53.5,115.286205219372,34.2026654953918
53.55,112.367234945801,34.1097128727516
53.6,99.6472162659284,34.1268657657292
53.65,108.791886170454,34.0640844698935
53.7,110.772714428744,34.073738325762
53.75,109.987459263125,33.8641240973033
53.8,92.2706635084734,33.9052736121026
53.85,98.0039154299019,34.1921536486312
53.9,114.639727485531,34.0871480806034
53.95,105.027116092384,34.0811592445169
54,109.523645681636,34.148659819481
54.05,106.850917513556,33.9780625133644
54.1,115.221108040431,34.0607634895892
54.15,109.349577649931,34.0053946366527
54.2,110.835250771254,33.9218374521199
54.25,106.665015992776,33.7511811287186
54.3,111.78091136924,34.0464550336266
54.35,103.064891079943,34.0180674230139
54.4,105.038731727055,34.0837840357482
54.45,107.474618225444,33.8574692586286
54.5,107.244968461208,33.8787544350017
54.55,98.6613244196401,34.024863358587
54.6,105.37606977983,34.0251982187936
54.65,101.923964182533,34.0064289486331
54.7,106.823221901691,34.0088987906079
54.75,102.236962349622,34.0844875895847
54.8,108.415505518553,34.1363439000125
54.85,99.8392939978224,34.1002597711341
54.9,113.205837393245,34.0992590396566
54.95,107.157620223898,34.1525522142025
55,101.706273525077,34.2845084361461
55.05,108.401627698153,34.1583453491628
55.1,113.689802508657,34.1938518735831
55.15,108.121784528292,34.3196890716525
55.2,104.074024966431,34.1593387797418
55.25,108.877023920683,34.3709385365724
55.3,94.8802606331968,34.1845726237631
55.35,107.848374748211,34.2019560422075
55.4,105.02908619816,34.1815772572606
55.45,102.771983510033,34.3201350875748
55.5,93.7224099745185,34.3260196289725
55.55,112.193784177806,34.3772024404635
55.6,101.126496916411,34.1954501965632
55.65,107.233363433711,34.2971081639376
55.7,101.4243108999,34.4700007412385
55.75,96.1874773796568,34.2475559095665
55.8,100.490465550881,34.2464400185235
55.85,106.98038468166,34.4183534646906
55.9,100.954884212135,34.2654067338124
55.95,103.937154250272,34.4359631166975
56,100.03969806034,34.5858784311089
56.05,100.828550729942,34.4775938633348
56.1,104.671773178734,34.3313909691397
56.15,94.5684986917225,34.3327165026533
56.2,97.728247305029,34.655408336812
56.25,103.252176696796,34.5010089488218
56.3,95.8413418423974,34.46601518836
56.35,108.185154623468,34.3778796736834
56.4,103.037969567468,34.4940621343988
56.45,94.1667380665829,34.5122253612958
56.5,110.719206844397,34.5504322788755
56.55,96.3851292779182,34.4861232242588
56.6,108.868217111274,34.4686336462055
56.65,104.73447465982,34.6644354231538
56.7,108.630567942907,34.3987328482027
56.75,104.422128871168,34.6310546600292
56.8,98.8166021629766,34.4010478843856
56.85,103.741740776455,34.7452884870158
56.9,113.605111170956,34.6639872370188
56.95,107.929714057346,34.5060126601178
57,107.440933528719,34.6269160007041
57.05,103.690260663676,34.596675493214
57.1,105.824889165128,34.6973550849378
57.15,98.5655498554186,34.5736837225657
57.2,110.798098681141,34.6182254824269
57.25,105.298214795819,34.4683473655289
57.3,106.138579542741,34.6957509731877
57.35,101.602359629578,34.6138246483167
57.4,107.771156615975,34.609121272124
57.45,98.2788263056791,34.542187627323
57.5,105.489428511355,34.5477503982921
57.55,105.109096384356,34.6078462479793
57.6,100.656570826794,34.7289482751661
57.65,91.9180954832166,34.3718590663304
57.7,101.65426794488,34.7593091804595
57.75,95.4255404089423,34.7949790840381
57.8,107.343135038607,34.5252899792865
57.85,94.7460777049371,34.5269196685081
57.9,110.299913961104,34.6298062929098
57.95,104.157228338873,34.4754616026298
58,112.215385968675,34.6926966959155
58.05,104.752646656087,34.5340892609754
58.1,103.368447950495,34.5257360597102
58.15,108.545898123195,34.688257107191
58.2,94.1272316701923,34.5381771386136
58.25,97.3982506571837,34.4906584639819
58.3,99.6956137629297,34.6256374682501
58.35,96.1345175231717,34.5330509269392
58.4,102.949216866419,34.6432003835301
58.45,113.69150901257,34.6395491607923
58.5,103.45744462124,34.375849628211
58.55,104.968376293186,34.5541570090336
58.6,104.223838338288,34.5162232204481
58.65,114.089223692112,34.6597267491551
58.7,98.8950090471985,34.5166754659048
58.75,106.845509528756,34.5978996514456
58.8,94.8926699591622,34.5828034276172
58.85,106.00615182022,34.5971055267169
58.9,107.962849223437,34.5221062506674
58.95,100.370870470024,34.5523716766728
59,96.1727749346215,34.5765118891335
59.05,106.645575660792,34.5516942060309
59.1,104.396058818505,34.4699011482811
59.15,100.520387285147,34.4547703237666
59.2,101.431351461505,34.2993776088243
59.25,102.725161746367,34.4678309767356
59.3,105.083858650929,34.6513083899932
59.35,103.797501376156,34.5179539621337
59.4,108.247405323894,34.5831643682702
59.45,102.366862760598,34.616242146628
59.5,109.779259889916,34.6249246065818
59.55,105.901859645698,34.5107761730084
59.6,103.351784904303,34.5287930285506
59.65,104.270435203212,34.4485072510824
59.7,112.394092995656,34.5847947239218
59.75,108.658650212437,34.5327003832275
59.8,105.137884417696,34.5749763244387
59.85,100.018354623827,34.4503826606883
59.9,97.1203346024551,34.7638749605546
59.95,98.5001075635857,34.4808553785362
60,-145.271292803632,34.446856165402
60.05,-146.29451191669,34.4550849312488
60.1,-127.235699697823,34.5060429166925
60.15,-112.999877786708,34.1814709504992
60.2,-109.902617759394,34.1198630112048
60.25,-100.309803153157,33.7197211722983
60.3,-81.2918805292242,33.5442902610668
60.35,-82.6927257855904,33.0060923672402
60.4,-74.6315074384494,32.7431108087778
60.45,-55.3916368892897,32.4599712834302
60.5,-55.658303822122,32.0313943240746
60.55,-37.2696756685232,31.9141583190047
60.6,-36.7201680064884,31.2706634456883
60.65,-28.4281239606391,30.8953796440629
60.7,-16.5913458366852,30.4049531438248
60.75,-24.8050757429421,29.9577908557998
60.8,-12.2714712977118,29.5961171809792
60.85,-2.15555452849083,29.1702325999066
60.9,1.71884588853631,28.6827280430912
60.95,-2.94026168248032,28.2322510783709
61,-5.40414027285017,27.8033725646169
61.05,15.3391855909333,27.2314952779976
61.1,7.95729530678976,26.7282840258571
61.15,9.75899565766934,26.577597080089
61.2,17.4294497061659,25.903541763648
61.25,20.3454262979247,25.6154216792733
61.3,31.6252387525998,25.0244902585839
61.35,31.2018268560479,24.6633897713019
61.4,30.5243514907625,24.1058464766144
61.45,40.2804193677626,24.0145822507638
61.5,46.6857728871135,23.3839486430505
61.55,49.1185696105231,22.9384820911587
61.6,51.1267941375605,22.6511398235356
61.65,49.2625793521209,22.2055429463909
61.7,52.7874454536031,21.8708360192155
61.75,55.544175752,21.4600249490644
61.8,60.6360648373042,21.231083730348
61.85,56.9467684906249,20.78011958798
61.9,68.7006791351033,20.155024048079
61.95,62.0073712965246,20.0336433009292
62,71.3024256801033,19.611046052255
62.05,72.2446649143108,19.2208047616193
62.1,64.1709502019325,18.8025976259195
62.15,79.2385052489941,18.6593302046111
62.2,80.1072709878669,18.1883905186595
62.25,80.6610441918899,17.8986683581065
62.3,88.183915001043,17.6413035546649
62.35,76.7855477959809,17.2624985904382
62.4,84.3261623031349,17.1295175238018
62.45,88.3410341294945,16.7338837178386
62.5,81.4509413058733,16.529933017495
62.55,92.6247075685062,16.136101288134
62.6,100.547811804014,15.8445287355222
62.65,92.4474015758727,15.5591683754118
62.7,103.408673689656,15.4176889105372
62.75,91.013144284383,15.2468301573506
62.8,104.383995857132,14.9769609133392
62.85,99.8469520362697,14.6239542414273
62.9,90.3541037731635,14.3385429517929
62.95,94.6772813303635,14.2880124820555
63,96.7092542273051,13.8189994431031
63.05,108.387938097036,13.629321289457
63.1,105.330247520428,13.6109491792205
63.15,111.102562409189,13.1283781539093
63.2,100.402304045287,13.0391097107533
63.25,104.064785759147,12.9355882541798
63.3,105.6785959647,12.921758951124
63.35,111.264070458888,12.4676910701441
63.4,103.022725322262,12.2622793619239
63.45,111.701957542543,12.0872436901658
63.5,108.713108667482,12.0485372334499
63.55,111.202418062392,11.7317638331295
63.6,115.294853976203,11.8246101941934
63.65,112.363335648152,11.3818703414675
63.7,117.043055931027,11.4110339917812
63.75,105.396366543508,11.1858047682093
63.8,120.334110742832,10.9493559556542
63.85,108.51914084549,10.9521975877197
63.9,111.633726172937,10.7281243232993
63.95,114.403601514448,10.4744561817632
64,117.899865626897,10.43628729989
64.05,111.696591892499,10.4910792013212
64.1,111.522719746054,10.1825001092577
64.15,117.76230513195,10.217442749917
64.2,113.045453129752,10.1342579085366
64.25,123.789751072089,10.005285968292
64.3,115.223296383868,9.7700061296699
64.35,110.740128856138,9.92015433519615
64.4,116.249357905905,9.91106104682628
64.45,125.803462533597,9.85094770998996
64.5,110.343995231171,9.76643028468493
64.55,117.439722298375,9.52632526060077
64.6,120.010866564466,9.40318068495088
64.65,123.859140032832,9.54634495373641
64.7,125.710365260189,9.36730937728356
64.75,118.056587826607,9.17221490904146
64.8,117.603154739826,9.26788821144671
64.85,123.258732310847,9.1409263279248
64.9,116.009743399834,9.06010172503532
64.95,121.638011551738,9.27616256120145
65,120.648295863118,8.99011483857943
65.05,116.711835986878,9.0769147469413
65.1,120.069107853452,9.10092419548116
65.15,119.546349457713,9.16149685004825
65.2,118.336484431085,9.00450068285203
65.25,114.761118227328,8.88469338747021
65.3,113.984589152099,8.93295027320944
65.35,115.618775206122,8.78792565730146
65.4,115.260362245184,9.03640531021922
65.45,111.754161447645,8.6908185475724
65.5,116.033868647753,8.77072177098384
65.55,115.48358994257,8.87683480890819
65.6,115.127116817495,8.90020070455664
65.65,115.304726687503,8.75295094299107
65.7,106.009060522966,8.78273751650011
65.75,108.890323116866,8.52773940326287
65.8,116.265002320678,8.76226014417156
65.85,112.953159155295,8.7931512544049
65.9,105.461993018647,8.6747302713265
65.95,110.020976877732,8.90247944899898
66,108.392990114271,8.74123182142813
66.05,110.190386093959,8.84747615599255
66.1,101.620322246482,8.71032967218619
66.15,112.128617453707,8.87356871078351
66.2,100.02462083904,8.86512411230705
66.25,107.889757091654,8.77537532496402
66.3,106.631041480161,8.98975589176122
66.35,100.51336618882,8.71543828327779
66.4,114.109287682615,8.90533323795963
66.45,106.454629845899,8.98329814543449
66.5,98.2686224062776,8.83982839890077
66.55,106.917562530518,9.00065785326876
66.6,108.188885245843,9.05934193103422
66.65,106.548591112736,8.89110105815442
66.7,106.536519452076,8.84458726309671
66.75,105.209345954191,8.99008169537384
66.8,100.580272950861,8.9320043606853
66.85,105.060488949566,8.96672055616701
66.9,113.20140314613,9.00772303760238
66.95,105.538163679678,9.03917127512751
67,103.334157070526,9.01924931232243
67.05,102.328217221165,9.14152874093482
67.1,108.987293017632,9.26029242128856
67.15,103.670064721116,9.19934639944978
67.2,99.4741964288299,9.09194835223846
67.25,103.91188424326,9.23481680756255
67.3,107.312496570079,9.1526379874721
67.35,107.047014454814,9.18358423713517
67.4,105.15065864812,9.25949564089166
67.45,110.464778422236,9.37846268758494
67.5,107.955472969904,9.13268413092727
67.55,97.9960089436193,9.28171798459259
67.6,103.197613006046,9.35191048601456
67.65,97.9791135910781,9.21577768718802
67.7,98.6442439949989,9.49329970256455
67.75,100.512362383024,9.54492515830386
67.8,100.111099069116,9.57211890177772
67.85,103.232521693348,9.41626593044188
67.9,95.9660090885414,9.49008793669518
67.95,100.168056469128,9.36834182817052
68,92.5505960582331,9.445563372747
68.05,103.746501206831,9.5202832805204
68.1,99.9061869381805,9.22354297902058
68.15,105.725171781241,9.43768992750838
68.2,103.681862803599,9.52272815885093
68.25,92.3898979171647,9.38826756140411
68.3,102.192261604963,9.48634915995788
68.35,99.2887957607313,9.58500942657647
68.4,95.7042151222958,9.51974235021875
68.45,97.5459858053014,9.5643789861918
68.5,104.754729624644,9.5861002376879
68.55,99.9583199979881,9.48887483260922
68.6,98.0245825475908,9.63076095331948
68.65,106.553889601634,9.60018492868514
68.7,99.9447086600414,9.38332847616053
68.75,97.8287814997737,9.68040642513345
68.8,114.06568203388,9.4778030243427
68.85,101.34052525593,9.47964973973851
68.9,92.74731731006,9.64362583587552
68.95,104.434913071525,9.66081512327046
69,111.342931142698,9.44042114089544
69.05,99.2176093543454,9.41241552845194
69.1,104.210808795094,9.63298215013379
69.15,97.7601462319292,9.59063520985993
69.2,102.120932086226,9.64851350095833
69.25,109.358908016943,9.56157154763253
69.3,96.2763664628106,9.73797749844668
69.35,100.93112492959,9.615453013025
69.4,92.1968422184905,9.53273895371188
69.45,92.2040830320199,9.49286315596329
69.5,99.0060498727483,9.54894283097083
69.55,110.633382319188,9.73121995429577
69.6,103.910644171213,9.54897770248767
69.65,100.541701404504,9.77904309831661
69.7,108.491798251083,9.55612595229754
69.75,105.146978868053,9.58148923271575
69.8,100.077121922964,9.76744997472288
69.85,99.9910750196538,9.86236563676767
69.9,108.899279873673,9.48775823350817
69.95,99.9389924496515,9.72884379971344
70,359.032655711501,9.58481677187052
70.05,342.874610305702,9.67740252757497
70.1,343.903974914468,9.63534515066244
70.15,325.032851358336,9.69393641007737
70.2,309.466069797095,9.91244991527374
70.25,300.115225340481,10.4135856456909
70.3,292.645228665576,10.5546940073026
70.35,278.44710630586,11.005242630346
70.4,266.846710776141,11.1788550914452
70.45,265.517966787018,11.5443733130503
70.5,257.80355740789,11.7518862095587
70.55,260.62527464435,12.2918397635684
70.6,249.068611550546,12.8582747524325
70.65,232.035186786056,13.1924728203802
70.7,222.204176036159,13.6505193101518
70.75,225.470128625193,13.9057607849006
70.8,217.081169694466,14.4870200305015
70.85,212.507368765022,15.0396556015467
70.9,204.4516919083,15.4423339843574
70.95,207.35861758706,15.7494301722205
71,196.945163974956,16.3364713973653
71.05,201.015190562968,16.7282456756816
71.1,192.352712588319,17.1043443315275
71.15,193.655744482029,17.6063858947964
71.2,185.926382053894,18.0949091121869
71.25,178.364768815785,18.6648719606181
71.3,168.842694959391,18.9459393433731
71.35,168.549153018809,19.3349026056559
71.4,173.1526718723,19.6376921150337
71.45,171.746973714621,20.0483650647307
71.5,156.068423713396,20.8097987840914
71.55,164.4150916293,21.1871620100835
71.6,154.89074301183,21.5144412506431
71.65,155.022155717453,21.7510770548487
71.7,152.292917561349,22.2531589064952
71.75,163.518691532306,22.7763337046622
71.8,148.418768609328,22.9896408038481
71.85,139.253433314775,23.2472512946098
71.9,132.829124217517,23.7769464818775
71.95,141.942517850722,24.0717333804344
72,141.284516170738,24.5652417103608
72.05,129.022868590867,24.7585242909238
72.1,139.452521798687,25.0622057902252
72.15,139.636515571199,25.4091872780415
72.2,129.856641885027,25.7645464649316
72.25,118.906783028681,26.0059320987662
72.3,130.912072194166,26.5115591337429
72.35,125.024894417508,26.8171610813849
72.4,125.131208137635,27.0140413860561
72.45,114.295910035359,27.4393343415009
72.5,119.72118221143,27.669811086274
72.55,114.568666785601,27.8658143117781
72.6,119.347013109514,28.030294123981
72.65,120.34285343852,28.5524161141028
72.7,116.955103946181,28.6430297222678
72.75,103.723296066646,28.8057816753152
72.8,113.561417600784,29.23373726434
72.85,104.820848132065,29.5992956190281
72.9,103.306359642854,29.6673618415733
72.95,106.9395504991,29.8312847144729
73,97.1191477135634,30.167985418948
73.05,113.344659731811,30.305313379874
73.1,98.7964835270448,30.7181975525789
73.15,99.1953772856381,30.6174438156333
73.2,98.2011237441271,30.9161136266721
73.25,105.004225087457,31.1660498980397
73.3,97.4161087804968,31.3607594599726
73.35,95.5018442952332,31.5076891654985
73.4,98.8756643954644,31.6425225774474
73.45,92.8694470203775,31.8397945418759
73.5,95.5374834402012,32.1718771558712
73.55,93.9272288983139,32.2638978824418
73.6,111.800555422265,32.4659117559973
73.65,91.2108751359951,32.5681482700538
73.7,89.3787063692256,32.8317417912866
73.75,92.1069595408173,32.8672612809859
73.8,87.2852257358668,33.0197349187704
73.85,96.586805926279,33.1295826365275
73.9,106.057996496817,33.3624953688923
73.95,98.0734537043377,33.2847064021993
74,94.9921304858254,33.5416837740569
74.05,99.6994848473448,33.6202918434094
74.1,92.0402569276565,33.5585451103263
74.15,92.5581303483632,33.7311922323035
74.2,83.01795173906,33.9236024268268
74.25,94.930712267168,34.0036663835513
74.3,95.596280787797,34.2782788806452
74.35,88.6765873076605,34.2261950794703
74.4,89.2940842546393,34.3969433092878
74.45,93.6676280784827,34.4067197039444
74.5,80.4830362115806,34.5269066468467
74.55,90.9350360393971,34.5978273828256
74.6,89.5237011576227,34.5596154610021
74.65,96.3502983987654,34.5981362602321
74.7,88.0017308597584,34.8145325669212
74.75,91.6526683747845,34.8181702857433
74.8,80.4069539838754,34.7254212749816
74.85,97.5071783165303,34.8042791142034
74.9,94.3515456918642,34.9943922870339
74.95,90.7738247516473,35.0152260906976
75,81.3113095196352,34.9403012557238
75.05,94.1937121052234,34.9549616762165
75.1,95.3096089874888,35.1381926732177
75.15,88.2764969139551,35.1038895450777
75.2,98.666396659634,35.252464693576
75.25,99.2762819840531,35.2059692898863
75.3,86.298678832523,35.0514583358895
75.35,96.6021609207994,35.1652075911109
75.4,96.2452245561897,35.1060659275239
75.45,90.3396448776941,35.3442829362033
75.5,89.9617063605683,35.3068634432815
75.55,88.5216355390936,35.1778308544229
75.6,97.8167275780964,35.4536177907492
75.65,91.1929421523651,35.1466918735028
75.7,101.265027058763,35.2256772576447
75.75,85.5958774749993,35.2308707683243
75.8,92.1102051280657,35.2161285615278
75.85,92.973253074288,35.3982148773459
75.9,99.1641334862447,35.1920751240089
75.95,99.9368097181241,35.2344614633626
76,102.037225958009,35.1695058597796
76.05,91.8404242600125,35.4583906371392
76.1,100.360020132738,35.3310471521268
76.15,103.729688492671,35.250300863978
76.2,107.409125695263,35.1659855449272
76.25,104.588395028825,35.1667561736621
76.3,94.7386367830655,35.0490111319778
76.35,97.8385026191518,35.1680864434218
76.4,91.2949695504076,35.1475320486785
76.45,97.9386385027492,35.005390059437
76.5,104.002897104799,34.987530915987
76.55,104.806098522465,35.2258083816018
76.6,100.850255234367,35.1280129305604
76.65,95.8583934718509,34.8529023658603
76.7,102.870882308711,34.9379679886085
76.75,101.815350580448,35.0485541976416
76.8,98.3208900140583,35.0401957075679
76.85,101.953950722778,34.9463818641884
76.9,109.205736467384,34.8707343582426
76.95,103.493612310591,34.9646796733503
77,101.428871916936,35.0025788094105
77.05,96.1894958512918,34.7749483417382
77.1,102.962661601659,34.9168881437001
77.15,99.9091849618358,34.5350042607369
77.2,101.328220083324,34.9197432809048
77.25,104.109565660505,34.7953954764194
77.3,105.811153466099,34.7019659007508
77.35,108.161170794971,34.798557516729
77.4,109.432961739331,34.6836684409141
77.45,104.033799210752,34.7512061732895
77.5,109.051296651766,34.6619493810841
77.55,106.618457129166,34.7938007357308
77.6,100.840479324643,34.6181361020611
77.65,109.745157335224,34.7687769302369
77.7,105.028337710456,34.7671996965161
77.75,103.348028022052,34.6612128565005
77.8,107.870065680321,34.5145951331063
77.85,101.808660566228,34.570367211115
77.9,99.2772597667188,34.6588065486624
77.95,110.842773399905,34.6818211594529
78,108.259341359253,34.5103500725505
78.05,95.3582897121627,34.5838639339231
78.1,106.105081562052,34.4228434571299
78.15,105.131241058225,34.5943023428319
78.2,107.952515761487,34.5283431681552
78.25,103.790007603828,34.6165079112376
78.3,98.033596270424,34.4364533564878
78.35,104.09484047811,34.4337876545108
78.4,104.333924832944,34.5308134897467
78.45,115.992840186174,34.3500046966531
78.5,101.454861636543,34.3687992492967
78.55,105.094980082221,34.543958474491
78.6,106.742207879585,34.5970210543908
78.65,104.433621511305,34.5587197622626
78.7,101.282903576125,34.5070949718177
78.75,103.681219982116,34.4529942031395
78.8,111.85726108698,34.5583042665868
78.85,93.9079100910187,34.4247186684531
78.9,100.641718637482,34.5626596598637
78.95,103.818756600264,34.3247257684609
79,102.720544901828,34.2709278379986
79.05,98.611536690678,34.439814841515
79.1,97.0954368659544,34.2329342094465
79.15,106.848642927944,34.3239033901016
79.2,107.383890110833,34.3689142195998
79.25,108.93904339862,34.4560077090497
79.3,103.596265399206,34.361342986896
79.35,116.082589707633,34.3932168380023
79.4,101.850786065126,34.5200142067311
79.45,106.512575117384,34.4205549591172
79.5,108.05350350266,34.2885967485859
79.55,99.2593377826435,34.5112883276372
79.6,102.359164551975,34.432998225479
79.65,104.468898804838,34.452572471759
79.7,103.457006441231,34.3618040222357
79.75,103.961821786302,34.3274808846735
79.8,97.5679757086128,34.3338097680449
79.85,105.297071933754,34.3396210589428
79.9,100.811006899219,34.5612439868178
79.95,99.0020401426349,34.3527842896943
80,210.899915014946,34.1565359162949
80.05,192.858772846613,34.3636959744732
80.1,194.255655229789,34.6574666458511
80.15,191.213371400236,34.4214956604439
80.2,197.716326791138,34.560505054146
80.25,187.426476462712,34.7001466685376
80.3,177.58980195053,34.8728123031699
80.35,173.58752627461,34.9109686682657
80.4,171.902642940476,35.0090703835426
80.45,164.517580089159,35.4496188142795
80.5,166.778650023853,35.3233802928797
80.55,167.568437561595,35.6299555000317
80.6,153.150127112248,35.8350875723347
80.65,147.138496744164,36.1195175524704
80.7,148.556675698573,36.1564797980815
80.75,137.202888548486,36.5960026510192
80.8,145.177232472629,36.5499952952061
80.85,139.206827888481,36.8647942382805
80.9,137.333309904878,37.1607170175477
80.95,128.996175500085,37.3124038926737
81,123.05830312648,37.4943760254239
81.05,122.69070596055,37.6683972275334
81.1,123.846154218213,37.9464831374529
81.15,122.614349410847,38.2001756994492
81.2,116.570452003543,38.2542007091874
81.25,119.421465402018,38.5859460080404
81.3,121.198859534219,38.860753071706
81.35,121.228085234205,38.9099077054001
81.4,122.091069399802,39.3172839343085
81.45,115.999489811198,39.2801442183847
81.5,121.041615220738,39.5055347633587
81.55,114.13008896764,39.867774891865
81.6,111.468859173892,39.9859354024687
81.65,102.456653958154,40.1742166489777
81.7,104.963564662209,40.3451591485582
81.75,106.351446559655,40.4838887262077
81.8,111.734380733444,40.9047380009178
81.85,103.94268501685,40.8573852560692
81.9,109.115530732267,41.0542089258881
81.95,93.8692576269756,41.4395424522211
82,93.9406750287015,41.6465733276364
82.05,94.7928205583176,41.8189193238701
82.1,101.774143225052,41.85734657445
82.15,88.9379578349818,41.8802489922222
82.2,103.566325313779,42.1808264688174
82.25,98.4856732215493,42.2349138442349
82.3,97.2386378240698,42.3598525006782
82.35,97.289249326908,42.4683457035139
82.4,97.2193694311856,42.6495348127
82.45,98.1851153320272,42.9618337515517
82.5,104.049707935143,43.0002776184548
82.55,87.713294928684,43.218043618545
82.6,89.7087388915231,43.3559514429838
82.65,84.5559958844804,43.3855986230679
82.7,96.3612134277595,43.4478993080693
82.75,91.2080776987619,43.5118671913042
82.8,85.4120136497082,43.8045343327978
82.85,97.6884183374838,43.7515522268848
82.9,94.3515931350908,43.9263401556515
82.95,85.2620591407526,43.9073543294485
83,81.1669877502932,44.1977415786705
83.05,93.7363811613624,44.2273038154138
83.1,87.5412385982182,44.1972044951532
83.15,94.1593138405343,44.2261106859791
83.2,93.6139515215368,44.2821628016235
83.25,89.7751994920038,44.2904578062579
83.3,82.1304613833944,44.3609066206798
83.35,96.6053262683595,44.4791141578678
83.4,87.8640498918477,44.6531670784566
83.45,84.9464522804377,44.7173354982786
83.5,101.422417155003,44.7557070661954
83.55,97.5453941838526,44.6802388618147
83.6,96.6140119805701,44.8217941824734
83.65,98.325713168449,44.8496826110437
83.7,85.7172602220434,44.9962141697393
83.75,99.4373843838907,44.9999999551888
83.8,93.3936780222951,45.0816077448521
83.85,94.4257415785221,45.04720662112
83.9,91.8582947546223,45.1381632870701
83.95,92.3338360343869,44.9602019395398
84,90.1509924685483,44.9907390467983
84.05,86.2293665178878,45.1644545764404
84.1,90.4461274845682,44.8838254937001
84.15,93.5105161748027,45.1787780201956
84.2,90.9294026906757,45.1910994580188
84.25,89.7986567552116,45.2054382421084
84.3,92.8722772011013,45.2689359384138
84.35,93.2551061550002,45.1535754144752
84.4,93.1322512281894,45.2953894626049
84.45,92.5450826263204,45.257087757006
84.5,93.4147939055291,45.1190315607986
84.55,97.0710250380148,45.1921785161461
84.6,94.8315048519387,45.1745709987334
84.65,89.9314930040229,45.2176348718059
84.7,91.5033361256423,45.1099293161419
84.75,98.4522319134162,44.881178567512
84.8,98.3800928219233,45.1202654738533
84.85,99.5415587969214,44.993148453221
84.9,98.151916873031,45.0592351868517
84.95,96.8591637969019,45.2287775369986
85,105.153975834643,45.1216225034442
85.05,96.9803243272679,45.1167259982649
85.1,99.3882740493642,45.06385281432
85.15,103.607593763591,45.0836650136118
85.2,103.588150037827,44.9829920067654
85.25,102.819392379804,44.9456767256568
85.3,99.0673254331627,44.9027777032589
85.35,103.009629734497,45.0493706286396
85.4,105.81260144699,44.8812264925486
85.45,111.405497572097,45.1108595894211
85.5,104.833348443076,44.9478329342939
85.55,102.684912560652,44.9065409095073
85.6,111.930189498381,44.8682545043681
85.65,112.607825338591,44.9963803893816
85.7,103.631400644218,44.9157889140528
85.75,105.210654696737,44.72180023865
85.8,96.6082232119189,44.7443800332168
85.85,107.993810056774,44.901106406731
85.9,105.124292524519,44.9075366017051
85.95,100.678452688135,44.867702136133
86,102.986660876772,44.8007844450847
86.05,98.5854825832124,44.7354447274068
86.1,109.957822473274,44.7800266579461
86.15,106.231592430084,44.5408317980304
86.2,95.2988950458171,44.5588343040916
86.25,102.046004656781,44.6282686369855
86.3,108.794890573079,44.56313500391
86.35,105.475725521781,44.8494277006928
86.4,102.37738711879,44.6806248704447
86.45,109.908200166205,44.6998746179555
86.5,103.678220622412,44.6842093907158
86.55,118.785255159245,44.6449844529123
86.6,106.218355044567,44.5804062012359
86.65,104.555313277423,44.4187117811591
86.7,101.63162029525,44.5041976531174
86.75,100.217022723255,44.4868646445236
86.8,104.340020008295,44.7333167765213
86.85,109.880979745551,44.6201620722476
86.9,103.764151040457,44.5877768832637
86.95,116.843994196167,44.5012709506685
87,113.667392838546,44.6717744588123
87.05,103.694076504025,44.5236396072483
87.1,103.813227869628,44.6095797515988
87.15,103.294819842354,44.2853069186007
87.2,99.1028953492805,44.5305574704861
87.25,103.578058578164,44.4429832228853
87.3,99.7957448097133,44.5577465578713
87.35,100.494898803887,44.5864090793339
87.4,107.828062094924,44.4146300050035
87.45,101.62264002868,44.5190611723253
87.5,101.899117518913,44.3870088577635
87.55,108.170840518178,44.5116477233714
87.6,106.236664584522,44.4861086382535
87.65,111.592063794731,44.3524196286717
87.7,99.5576468963468,44.457056874267
87.75,109.171922721498,44.4608595247456
87.8,103.086654211991,44.3426240773359
87.85,102.251060824049,44.3628588192861
87.9,108.356058128606,44.4368544685598
87.95,104.238075659492,44.4564460506393
88,102.472781857018,44.5411640482003
88.05,105.34629667408,44.3834909981588
88.1,103.749114464943,44.5547869244008
88.15,106.2556635707,44.4308930304218
88.2,99.9899454484533,44.3532628674283
88.25,93.1530718976354,44.3967422968968
88.3,111.107246625374,44.4886446577131
88.35,104.559839563483,44.4753531430454
88.4,104.605842225902,44.258861080193
88.45,107.595765904013,44.4330378595078
88.5,100.754071683295,44.624637765364
88.55,103.754573468833,44.2553814377706
88.6,104.02857468977,44.4391265429257
88.65,102.13525299737,44.3996828661261
88.7,102.202290459053,44.3504231016482
88.75,102.810819329646,44.3260097482676
88.8,95.4451416766449,44.3731529795871
88.85,102.007810004067,44.5059120806345
88.9,94.8235433461443,44.4810601876023
88.95,104.737394904405,44.5621924114255
89,104.372343429007,44.3976561681516
89.05,108.300204683607,44.5856724544818
89.1,102.380568624964,44.5248529947293
89.15,102.613940332276,44.5683719913291
89.2,103.321034880511,44.5751335550832
89.25,107.798013550127,44.3208231571464
89.3,104.031520680258,44.4012852959726
89.35,108.625911650225,44.5246054021277
89.4,99.0331912622056,44.5739917562835
89.45,97.8357657429066,44.423861741052
89.5,103.368567744264,44.4622105761038
89.55,101.611009978125,44.508540352641
89.6,101.769789682405,44.4179071915506
89.65,109.465212080547,44.2722880214843
89.7,101.752231336019,44.4615713173414
89.75,105.57726608496,44.505503866557
89.8,109.314181505899,44.522224460488
89.85,109.486014386779,44.4651552172788
89.9,103.190127844049,44.4249114792459
89.95,103.044039048573,44.4567554896179
90,-47.0648598517883,44.4828835652315
90.05,-38.258492746195,44.5154237793987
90.1,-34.6753147777744,44.3251400892435
90.15,-34.7567850316216,44.3940902209522
90.2,-25.4378278764977,44.3996285844391
90.25,-20.5121456321203,44.0804772149922
90.3,-4.54037769260424,44.040509379088
90.35,-6.51250793651699,43.725049400022
90.4,-0.100571109389091,43.5417123655867
90.45,10.3455348769288,43.3177655017048
90.5,16.966319243835,43.1311379550343
90.55,16.1884254371244,42.838209006233
90.6,24.3444557973035,42.575395838824
90.65,25.2723086223159,42.1492605779769
90.7,30.1960409268143,41.8218795129584
90.75,37.904401946502,41.6522637814107
90.8,35.228427019508,41.4020410449664
90.85,45.9920334003156,41.1213867848168
90.9,45.424018651948,40.8467888915343
90.95,47.364730850018,40.7642986976066
91,54.3897523516799,40.078566280784
91.05,60.3825373762147,39.8788047295209
91.1,54.0034443743739,39.5622868519764
91.15,64.0054206303182,39.1118229479432
91.2,56.2902177540651,38.9241459954868
91.25,75.8869307974577,38.5497091645479
91.3,71.1452345604887,38.2813008253502
91.35,75.0664192373186,38.1230890055781
91.4,72.9770023637868,37.7081987809406
91.45,89.5430701787346,37.2917780701771
91.5,81.1126482384729,37.1949308956827
91.55,83.8487672037879,36.7726267650097
91.6,87.4379069108851,36.4930222078124
91.65,83.4528283871493,36.3286917610012
91.7,95.9013171078342,36.0478782198654
91.75,79.8070998082642,35.8628159182174
91.8,89.162341503816,35.6140159697024
91.85,100.289852185128,35.3101229572252
91.9,101.060641249262,34.9812433782746
91.95,94.5503415309083,34.8065235438624
92,103.389298474033,34.4970526263468
92.05,101.55835818035,34.383130931542
92.1,86.455216222996,34.1948383123883
92.15,105.413080045545,34.0390599892336
92.2,102.937246228596,33.8352123023507
92.25,101.777852889102,33.4691992750878
92.3,96.7293396406718,33.2421300556601
92.35,102.574757121909,32.9468691378826
92.4,103.914873528051,32.888480856989
92.45,106.978005934066,32.8568610526877
92.5,105.954012462857,32.4473098962393
92.55,105.273617675157,32.4534128017496
92.6,114.821153141059,32.3238953340066
92.65,111.032679109041,32.0573058385353
92.7,97.0156871792303,31.8204212091119
92.75,117.920907414594,31.7091434927128
92.8,120.138318390133,31.6267586346381
92.85,115.112627241905,31.4991229831645
92.9,109.558007513592,31.3076269269423
92.95,114.099509426892,31.0067329449629
93,112.738557785795,31.0824760495701
93.05,109.209990795822,30.6933021740407
93.1,121.820526596925,30.7362455682642
93.15,116.907110901665,30.7281309965928
93.2,116.157137592835,30.4083875297754
93.25,116.164934773367,30.4916109871621
93.3,116.71369561699,30.3888404457409
93.35,118.779896341244,30.2642998234269
93.4,111.926501238536,29.990264939173
93.45,118.649053871074,29.897124356698
93.5,117.809760882247,29.9666892439283
93.55,109.754817817066,30.0088488141742
93.6,115.020393522444,29.8538245153152
93.65,117.427758545456,29.7485403706428
93.7,111.808586808846,29.5878387148143
93.75,113.325258806519,29.4035709782709
93.8,109.50519363715,29.4649103300685
93.85,107.783744447083,29.4986112977118
93.9,112.097688339567,29.2730352803393
93.95,118.506527079555,29.3161628984087
94,118.92965206155,29.2009856028148
94.05,114.08747505272,29.1711319874775
94.1,119.761555463087,29.151817863412
94.15,108.186013086748,28.9505987673056
94.2,116.534151846802,28.930521591401
94.25,112.472143922771,29.1703600857726
94.3,118.725010131636,28.978390269108
94.35,115.720056209448,28.8197163065909
94.4,109.963164771635,28.8297561636784
94.45,109.179487890865,28.9686068045522
94.5,107.578611272535,28.8212606892304
94.55,110.065771524656,29.0591613448847
94.6,116.300681975774,28.7124750676264
94.65,115.314110571922,28.8308496804058
94.7,112.455760974499,28.7305605261574
94.75,116.270680898752,28.9085736646573
94.8,111.044779272826,28.8331041008322
94.85,117.694210832868,28.739295390708
94.9,109.841017420779,28.691615630527
94.95,114.341747592371,28.7717882423392
95,110.236605349681,28.8197733234278
95.05,107.469443849432,28.777521353857
95.1,117.488229853372,28.8172277653224
95.15,109.04885538946,28.7684086959681
95.2,103.217917965751,28.9149805534579
95.25,102.49659919592,28.8479464139507
95.3,109.281619439453,28.8243036469358
95.35,117.670597722645,28.949361526196
95.4,108.699664565939,28.8344411251139
95.45,103.30679848132,28.7300820848919
95.5,99.0262975478581,28.8245839713793
95.55,111.552731648135,28.8361141506614
95.6,105.880902814264,28.8598291184278
95.65,107.496491975822,28.8656495852679
95.7,106.274630908922,28.9338037098358
95.75,98.9697147786759,28.9942279155609
95.8,100.749573081863,28.9895341493034
95.85,105.304240587982,28.8816158315204
95.9,100.399382477557,29.0639590106207
95.95,96.0641425781869,29.0135713953323
96,103.018826661309,29.0095834267539
96.05,102.764111005196,29.1368442915955
96.1,102.963078647758,29.0170908200839
96.15,104.305941910962,29.1403764630889
96.2,106.27261678003,28.936896158658
96.25,105.442103800445,29.2363130922837
96.3,109.936168282113,29.2272463572726
96.35,98.355795908512,29.1656686784447
96.4,98.9905443776016,29.3508057321669
96.45,105.028819418881,29.1090090813238
96.5,106.895671570188,29.1333372125445
96.55,104.567163191232,29.1678573849609
96.6,105.888900999354,29.0576605729444
96.65,108.584366228953,29.429490784796
96.7,107.521387753893,29.1982947276406
96.75,95.2056079526366,29.2955323480798
96.8,92.0781101355585,29.2133685012908
96.85,97.0901011435312,29.3137294683436
96.9,98.5617555299511,29.2256493739536
96.95,99.8328930050059,29.6392040689681
97,98.0214870920562,29.5864072178452
97.05,101.989984549535,29.5471989160425
97.1,98.8137924818262,29.4376208259778
97.15,99.5054368745121,29.4635647862261
97.2,99.6960662909575,29.3054577758003
97.25,98.6221721110793,29.4225110948942
97.3,107.572036841921,29.5105590252404
97.35,106.762320427499,29.4591638229688
97.4,98.8496628559429,29.5161541286983
97.45,94.4656283112485,29.4156481975435
97.5,91.5270189052342,29.2390006550533
97.55,102.968174235574,29.6780911588862
97.6,95.2780003675817,29.5617176257748
97.65,99.0460171142775,29.6098387616782
97.7,93.2692958842462,29.5903032240086
97.75,100.025841010968,29.813244787996
97.8,102.659904226381,29.5886669335814
97.85,108.095509705518,29.7642450349205
97.9,108.533807698045,29.5695833809823
97.95,97.1421190076616,29.5678618927446
98,98.0855790668434,29.6256418567286
98.05,115.211724966918,29.8470156944243
98.1,107.736482481878,29.6750503331359
98.15,99.1655239050419,29.4550840837747
98.2,96.3147606403244,29.5573421007243
98.25,107.941668692087,29.8155201565504
98.3,100.014295236044,29.6200129234197
98.35,104.02945568017,29.6652921946744
98.4,104.417384314793,29.7511414362907
98.45,91.4850836194645,29.6363273758253
98.5,105.300295330133,29.6845929443875
98.55,111.482740201383,29.6885081732621
98.6,104.644766303369,29.723901300282
98.65,105.505830516563,29.5630107633551
98.7,104.722590205052,29.7786205596734
98.75,103.220203386528,29.684040315102
98.8,105.612743912722,29.9338279992461
98.85,102.322170265891,29.5903784983329
98.9,100.785201405578,29.7001782742909
98.95,98.0944696474351,29.5387844281625
99,100.956979156515,29.7258359464976
99.05,94.4243398240768,29.3657351942607
99.1,104.969429770396,29.7394780255517
99.15,115.201521319304,29.6983791452842
99.2,103.483494347694,29.6255044099213
99.25,97.8898802246945,29.6348500910937
99.3,102.563363391211,29.4826319926082
99.35,107.071788558858,29.5139530795455
99.4,106.320582807994,29.4732583809724
99.45,104.181429217051,29.4503874668825
99.5,103.464152399725,29.6924517187104
99.55,108.499968460782,29.5564289450943
99.6,95.5444401085895,29.6996453676156
99.65,108.987124185893,29.6844903821057
99.7,108.550222020412,29.3418879592896
99.75,97.6649311391953,29.5359476115984
99.8,99.9059006174123,29.7963952122362
99.85,98.0133321128913,29.5745636777702
99.9,102.0566113671,29.5908560415794
99.95,97.8751051488109,29.593858242951
100,2.73673868817886,29.5952111057505
100.05,13.7168997239557,29.5560440484571
100.1,8.25465566858834,29.4602923070327
100.15,13.1961964126549,29.4080070231702
100.2,22.7415122348158,29.4338115212597
100.25,16.6897082627463,29.1780870286052
100.3,27.0841204651455,29.2219848966188
100.35,32.8761939653609,28.9782238691552
100.4,33.2524581727476,28.8592915219974
100.45,44.1955396173322,28.7305601150131
100.5,40.5764062525116,28.6788681195121
100.55,48.5380878113506,28.5419364594325
100.6,46.8865611586831,28.1021655879434
100.65,56.5643088042125,27.8436102751895
100.7,58.5343951578592,27.8914862946755
100.75,62.3049714680386,27.5725508818556
100.8,64.1683026890912,27.4071518745957
100.85,75.1244347356176,27.3098695134112
100.9,74.2772960649558,26.8634375501664
100.95,66.9978927422662,26.6659802458864
101,71.7626898246359,26.5933290312734
101.05,69.7413571751194,26.1240213295825
101.1,83.3856666558312,25.9289294092289
101.15,88.3179858713216,25.8477464390301
101.2,90.6787363360161,25.5545434669855
101.25,84.7688402823185,25.457287248868
101.3,79.1334935151694,25.1606103123149
101.35,98.8972501853414,24.946642799428
101.4,83.0034734538412,24.6440329939308
101.45,92.9605031614283,24.2614824753697
101.5,92.3701129963093,24.5262197438695
101.55,93.0625725520806,24.2746128814373
101.6,99.8992654139159,23.9011895299453
101.65,94.0380771633019,23.8886855532771
101.7,102.054975399017,23.5974291889542
101.75,106.119462082598,23.1406092490763
101.8,105.557026237831,23.2477528605629
101.85,105.44994123637,23.0421246912014
101.9,101.549700039276,22.872503689851
101.95,103.896167494258,22.6489529921888
102,99.4582972408511,22.4531873791229
102.05,112.520018251067,22.0937138027516
102.1,106.238733887344,22.2609992537436
102.15,99.8546490913071,21.9704993459009
102.2,112.031205884307,21.642198709009
102.25,103.910733186603,21.6654397332106
102.3,110.962684225659,21.5016147403213
102.35,117.093088012891,21.4016023806184
102.4,105.946549467065,21.3132389457907
102.45,99.9800589477495,21.1316326768104
102.5,114.557064404478,20.9460450116903
102.55,108.615474941874,20.7872245454311
102.6,102.73442770445,20.7549791903933
102.65,107.780796588751,20.6312665364331
102.7,114.355587888902,20.541400883313
102.75,109.950786432817,20.585772752615
102.8,112.666829511856,20.4125591973229
102.85,109.274440832917,20.3476854382305
102.9,118.304879973947,20.1977052131508
102.95,110.175807893799,20.028916261203
103,126.845657100216,20.0795523608913
103.05,116.576360770608,19.9726357121891
103.1,118.126775253099,19.6251609542757
103.15,110.719452541932,19.7923479510835
103.2,113.414717634585,19.5164546557553
103.25,105.955266575761,19.6460104532963
103.3,117.4260962561,19.6577791728981
103.35,113.947849203723,19.436776838185
103.4,115.57444444062,19.467911399821
103.45,113.735151031009,19.5075350725114
103.5,111.396183239653,19.3718996522821
103.55,116.51183652787,19.1792465374697
103.6,110.490675086985,19.2135880079414
103.65,119.348297195475,19.0648457483657
103.7,107.080562180164,19.2434151376015
103.75,111.971267057403,19.0121354515505
103.8,116.777892848884,19.0199325275412
103.85,113.660527337892,19.1802944505492
103.9,110.494256175799,19.1631915581495
103.95,116.90209208404,18.8364404949267
104,114.855671389421,18.9555510237276
104.05,110.832985414846,19.024431407952
104.1,119.301913243668,19.0104295285686
104.15,107.601580109995,18.7461777844683
104.2,118.797916087142,18.7213614393359
104.25,107.77684514553,18.9122543219968
104.3,112.229207151805,18.8700564371872
104.35,116.252943767968,18.7831408613671
104.4,116.569072689437,18.8922203337844
104.45,115.185464721164,18.7599832382912
104.5,113.240241437355,18.8872466397206
104.55,109.648451517984,18.8181571999957
104.6,112.127087470159,18.7115847780307
104.65,111.02038887248,18.8731887224866
104.7,109.254084486411,18.9359118344353
104.75,104.769459373781,19.0257472675187
104.8,108.020346374889,18.8470382798902
104.85,115.268189607254,18.8280324837843
104.9,105.855930994376,18.8266125168291
104.95,110.752555668852,18.7173874295993
105,98.0245676268408,18.8774352495822
105.05,105.538139947542,18.8316120067494
105.1,104.473540587893,18.9460055023154
105.15,117.110468617182,18.6096377280886
105.2,97.7887987009608,18.8443278920247
105.25,105.997664330072,18.9732322815754
105.3,106.599859480621,18.880474026516
105.35,100.593781637784,18.8740232915446
105.4,99.5377614307987,19.1916806538533
105.45,106.590219406145,18.9074420741255
105.5,105.582247910057,19.0130757494772
105.55,99.3003919210898,18.9140954137006
105.6,105.40186918634,19.091510512746
105.65,100.968849049999,19.0968858329202
105.7,101.894343948859,19.1214337826423
105.75,104.00674238013,19.196870582297
105.8,95.7907397216483,19.1359097747804
105.85,100.620226096746,19.3800811860453
105.9,112.22131475508,19.0334058187825
105.95,98.245159401708,19.229168157009
106,107.73239101041,19.0599881661113
106.05,96.7724411006153,19.2740446150624
106.1,106.569175323708,19.2202785305661
106.15,101.101907388298,19.12049130734
106.2,105.390858498151,19.4567584603366
106.25,98.641080949659,19.1726311302847
106.3,93.0589123449223,19.3552277920228
106.35,104.11370852173,19.3262473831855
106.4,98.0891487799456,19.1751742277536
106.45,108.362107913927,19.4113067095096
106.5,102.700237857337,19.5311090247669
106.55,96.8746952592834,19.5278279607578
106.6,105.052461073111,19.2268148687927
106.65,100.308328538826,19.3330015724023
106.7,103.607399079011,19.3928207583334
106.75,107.512603116556,19.4497716050777
106.8,94.2477472283599,19.4619426644315
106.85,97.9640659052665,19.4539403021496
106.9,101.133547509137,19.557797463093
106.95,99.5514497860064,19.5390931888252
107,99.9358587955519,19.7781730401828
107.05,96.911286588671,19.7330001616718
107.1,97.7970256071346,19.6087992583769
107.15,94.2807868798186,19.5120035917406
107.2,101.172173284402,19.5272927947312
107.25,94.9307670009457,19.4972480869354
107.3,95.7153871444998,19.6025008495628
107.35,97.7691126200969,19.6186523614031
107.4,105.447023325887,19.3555496122195
107.45,95.8902567730897,19.5364102278839
107.5,99.57398161648,19.6295929148472
107.55,106.106973722998,19.7106700375523
107.6,101.901147020051,19.6019070601723
107.65,101.281668199712,19.5425504916155
107.7,96.3312357359201,19.4315551907176
107.75,97.7152594438321,19.53194984669
107.8,105.479645713097,19.5074691734741
107.85,97.1265489007047,19.7089908900914
107.9,94.1948356465516,19.4376141322197
107.95,113.624416078994,19.6206484913052
108,94.7004075348253,19.5274122938368
108.05,104.435189455157,19.5181006181998
108.1,97.7738258272776,19.7778337663781
108.15,105.682564058906,19.7007060377156
108.2,91.6106871672104,19.6103817621792
108.25,108.818045175455,19.6264560217765
108.3,90.5858305028706,19.6026180133005
108.35,99.5027413119496,19.7744317192209
108.4,97.1040083327215,19.4389552548535
108.45,105.961667753853,19.5512412253295
108.5,105.283655268045,19.6240897344082
108.55,107.707556816313,19.6466770189596
108.6,101.635449010975,19.6166814766827
108.65,101.409860071135,19.3930382904395
108.7,102.002420868559,19.5745037416077
108.75,95.9204757283307,19.6673260355884
108.8,102.366859148013,19.6813002664147
108.85,106.0150390966,19.6289403518359
108.9,103.34768092791,19.6554045343455
108.95,107.181793105947,19.6251383382049
109,105.645007940143,19.4791855080152
109.05,101.733349470902,19.5882080312287
109.1,108.807376976417,19.6177115205959
109.15,100.569769673361,19.704308076361
109.2,113.654704480084,19.5661053291053
109.25,99.6752639663461,19.4092253281656
109.3,102.22917959296,19.5596060049979
109.35,100.384591166758,19.564694699634
109.4,97.1631898316753,19.4228548439616
109.45,101.043119653826,19.5221851760265
109.5,100.272170451118,19.5883088204663
109.55,101.003474406165,19.4858866853329
109.6,105.87203014155,19.7162182694605
109.65,104.473560309999,19.6403452869821
109.7,97.9771942998716,19.6161246564338
109.75,95.0528624054557,19.5628793150418
109.8,108.678822834938,19.616240663439
109.85,102.722196314765,19.4143228422664
109.9,101.074085017109,19.4532418883068
109.95,91.209113970056,19.4128736566069
110,108.389489494856,19.4922549684417
